40 67 
0 20.0 20.0 
1 20.362358 20.93204 
2 18.525213 21.350925 
3 17.309725 18.672438 
4 20.349997 16.01534 
5 24.800852 18.602922 
6 23.650108 24.762007 
7 16.36498 25.982193 
8 12.122496 18.60539 
9 18.251024 11.171575 
10 28.438534 14.634263 
11 28.86473 26.512798 
12 16.882206 31.587898 
13 7.075693 21.400818 
14 13.55049 7.574066 
15 29.90475 8.735191 
16 35.02752 25.49305 
17 20.345938 36.99648 
18 3.3594933 26.86247 
19 6.8837748 6.25356 
20 28.48365 1.8884659 
21 40.952515 21.411465 
22 26.575642 40.99431 
23 2.0340824 34.360565 
24 -0.7596741 7.956915 
25 23.856474 -4.700762 
26 45.396282 14.429647 
27 34.947937 42.484642 
28 3.8843594 42.897293 
29 -8.151541 13.036463 
30 16.16143 -9.75341 
31 47.21843 5.1623077 
32 44.456364 40.637012 
33 9.303285 51.21827 
34 -13.971859 21.383078 
35 6.0010033 -12.078468 
36 45.53507 -5.3763733 
37 53.818607 35.010056 
38 18.217539 57.95817 
39 -16.972408 32.411327 
23 22 
11 10 
24 23 
10 8 
22 20 
32 31 
4 2 
2 1 
14 13 
27 26 
35 34 
26 24 
34 32 
5 4 
18 17 
30 29 
38 37 
29 27 
15 14 
13 12 
33 32 
9 8 
21 20 
8 6 
20 18 
19 16 
31 28 
12 11 
25 24 
11 9 
10 7 
22 19 
39 38 
3 2 
16 15 
28 27 
36 35 
27 25 
35 33 
26 23 
4 1 
6 5 
19 18 
31 30 
18 16 
30 28 
34 33 
29 28 
10 9 
22 21 
9 7 
1 0 
7 6 
26 25 
12 10 
37 36 
4 3 
17 16 
3 1 
16 14 
39 37 
8 7 
20 19 
19 17 
31 29 
18 15 
30 27 
