100 228
0 46.7 87.0
1 88.4 69.6
2 36.4 46.8
3 8.4 48.6
4 58.6 37.1
5 13.9 59.6
6 32.7 73.8
7 13.4 38.5
8 0.6 17.2
9 74.4 32.0
10 98.9 37.6
11 82.7 73.7
12 26.3 96.9
13 0.2 13.6
14 45.1 28.8
15 98.4 8.6
16 58.6 56.7
17 65.8 54.0
18 21.0 60.8
19 78.9 70.1
20 2.6 26.4
21 82.9 35.9
22 28.0 35.9
23 60.2 93.9
24 45.8 31.4
25 51.1 11.5
26 71.5 62.9
27 61.7 65.4
28 21.5 5.0
29 75.2 47.7
30 26.5 99.7
31 89.9 80.1
32 40.1 66.3
33 10.6 56.0
34 86.1 18.1
35 99.1 59.9
36 94.2 59.3
37 26.0 73.8
38 7.5 21.9
39 24.2 39.3
40 50.8 67.5
41 86.6 24.8
42 17.0 53.9
43 71.6 17.9
44 59.7 66.6
45 61.5 54.5
46 17.4 65.1
47 5.2 87.1
48 64.2 90.1
49 51.5 59.1
50 19.2 69.8
51 81.1 76.5
52 31.9 21.7
53 93.5 92.4
54 16.8 19.4
55 14.9 92.4
56 71.8 73.6
57 94.4 16.1
58 10.7 92.7
59 1.4 33.7
60 62.5 19.5
61 25.2 52.5
62 76.2 89.2
63 50.8 31.8
64 75.2 37.5
65 37.9 54.8
66 5.3 4.4
67 83.4 79.3
68 92.6 27.9
69 35.3 13.7
70 29.5 23.7
71 9.9 67.4
72 23.2 78.5
73 53.9 32.3
74 17.2 69.9
75 83.8 6.1
76 51.9 74.6
77 65.6 83.9
78 26.5 92.6
79 80.0 37.8
80 64.6 34.0
81 57.7 33.5
82 54.3 61.4
83 54.2 86.8
84 42.8 33.4
85 90.7 75.2
86 11.0 13.9
87 3.8 92.5
88 35.2 33.9
89 33.4 65.1
90 34.7 19.2
91 90.9 24.0
92 76.9 93.6
93 56.9 84.3
94 30.7 60.3
95 18.1 54.3
96 42.2 4.2
97 82.7 33.7
98 1.8 62.8
99 82.7 35.0
33 96
14 30
40 79
5 58
47 48
35 76
10 40
55 77
37 97
6 13
91 99
26 98
3 46
58 96
26 37
39 78
11 43
10 69
62 99
66 89
18 27
5 36
8 77
82 97
39 43
47 76
18 67
28 77
27 30
2 8
0 46
35 63
66 68
50 66
46 59
32 46
50 96
14 89
31 73
4 79
64 76
54 98
51 71
40 95
6 70
3 73
34 97
31 92
41 80
64 75
11 41
40 74
24 40
84 95
31 61
55 72
75 99
28 44
19 29
71 87
38 68
21 92
36 46
55 61
5 32
16 72
68 76
27 98
22 65
44 75
9 48
27 87
1 79
5 21
16 71
2 24
50 82
84 92
34 84
12 14
9 17
60 72
85 93
28 41
22 84
34 53
23 28
13 94
6 96
63 87
47 70
38 55
49 75
3 58
69 79
28 39
0 41
20 28
31 56
12 72
0 71
5 79
12 61
48 57
65 93
62 81
35 57
35 37
54 82
33 73
41 42
24 57
20 30
4 30
74 79
0 70
29 42
57 62
87 97
59 83
60 69
1 74
16 27
1 95
24 96
52 69
66 80
63 65
35 96
18 77
50 78
9 62
73 93
7 38
8 98
20 39
69 95
39 98
47 96
41 92
3 55
43 64
0 67
13 45
24 85
10 48
40 96
47 86
33 90
44 89
7 87
35 54
15 96
61 72
18 46
36 39
12 58
41 91
3 23
62 77
25 89
47 54
26 44
21 29
68 85
46 48
23 83
0 55
74 75
61 90
21 41
63 81
36 96
62 75
71 83
14 47
67 81
4 87
36 97
26 41
3 51
25 66
2 14
16 51
45 71
81 84
5 11
97 99
20 34
45 69
3 20
85 88
22 45
19 48
37 41
14 76
8 32
5 61
1 7
10 43
31 49
63 78
78 95
46 95
46 75
6 45
30 62
37 40
72 75
33 37
58 90
50 71
73 85
23 49
65 67
72 80
69 99
1 57
54 93
32 51
53 87
7 20
15 49
35 91
26 69
77 87
29 55
77 97