50 118 
0 30.2 59.3 
1 26.5 11.3 
2 65.0 15.6 
3 37.1 16.9 
4 58.8 42.6 
5 52.6 22.2 
6 96.4 17.7 
7 55.9 40.4 
8 0.3 5.5 
9 63.2 9.3 
10 11.5 46.7 
11 65.4 16.5 
12 15.9 18.9 
13 27.9 86.5 
14 10.2 77.2 
15 99.6 27.1 
16 53.8 31.6 
17 85.9 62.3 
18 26.1 45.9 
19 48.1 98.0 
20 61.7 9.4 
21 92.4 27.9 
22 46.1 89.9 
23 87.7 62.8 
24 45.5 39.4 
25 32.9 56.6 
26 6.3 96.0 
27 97.7 15.6 
28 72.1 29.2 
29 0.4 45.7 
30 93.6 96.0 
31 15.1 1.9 
32 45.8 0.1 
33 85.1 94.6 
34 76.3 69.9 
35 91.1 47.6 
36 2.8 48.0 
37 55.9 88.9 
38 0.9 46.0 
39 56.4 8.1 
40 89.2 31.4 
41 68.4 57.5 
42 72.1 60.3 
43 63.8 53.6 
44 38.1 50.5 
45 63.1 4.3 
46 78.7 42.4 
47 33.7 29.8 
48 45.3 94.0 
49 23.9 60.0 
18 40 
1 46 
1 29 
12 46 
4 36 
0 7 
15 19 
2 25 
10 13 
2 3 
38 39 
19 47 
1 44 
26 35 
15 45 
7 27 
32 44 
3 36 
36 43 
30 34 
14 19 
33 43 
20 41 
10 31 
37 39 
10 48 
10 37 
9 29 
44 45 
5 22 
9 37 
25 37 
30 43 
25 31 
17 21 
6 27 
15 41 
2 47 
18 34 
23 49 
5 31 
0 42 
11 42 
11 25 
20 27 
22 40 
17 36 
12 38 
4 22 
46 48 
18 32 
5 46 
2 6 
41 44 
3 41 
25 42 
7 49 
9 35 
4 37 
16 17 
23 36 
18 41 
2 32 
2 15 
21 25 
24 35 
19 48 
16 34 
35 37 
6 23 
20 44 
12 28 
4 18 
7 30 
24 42 
5 42 
16 45 
0 30 
8 18 
3 37 
6 49 
6 38 
6 21 
15 44 
40 44 
8 44 
33 35 
22 28 
28 44 
31 47 
10 36 
35 44 
21 36 
0 26 
25 45 
0 4 
2 14 
14 16 
9 21 
7 24 
4 23 
29 40 
10 45 
18 33 
5 36 
42 43 
0 13 
27 31 
6 43 
9 47 
17 35 
9 19 
28 29 
23 48 
7 39 
13 44 
38 41 
6 24 
