100 474 
0 62.2 52.1
1 38.7 31.9
2 32.1 96.8
3 9.9 21.3
4 22.0 58.7
5 13.4 45.3
6 79.3 58.3
7 99.3 80.9
8 71.4 72.1
9 27.3 71.0
10 41.1 25.5
11 78.9 88.9
12 24.8 18.5
13 46.4 76.8
14 65.2 56.3
15 71.7 3.0
16 88.5 29.2
17 97.9 43.0
18 85.1 2.1
19 95.9 56.8
20 15.7 34.6
21 34.0 52.6
22 74.6 51.9
23 46.7 60.1
24 19.4 65.7
25 29.4 79.8
26 54.1 43.8
27 14.7 37.8
28 61.1 30.1
29 0.2 82.8
30 52.1 92.5
31 3.1 37.1
32 94.0 59.1
33 57.3 81.5
34 80.8 0.1
35 9.8 55.5
36 50.9 56.2
37 34.8 21.7
38 11.8 82.9
39 42.5 61.6
40 89.8 26.4
41 14.9 88.7
42 37.5 72.4
43 24.8 0.2
44 36.6 51.3
45 59.9 61.9
46 72.2 75.8
47 87.4 61.2
48 23.9 56.7
49 21.7 99.3
50 32.3 79.2
51 97.2 42.8
52 92.7 26.1
53 62.1 92.8
54 0.3 76.9
55 29.2 45.6
56 14.7 99.1
57 23.5 89.6
58 71.8 31.4
59 98.1 42.5
60 20.7 44.6
61 93.6 75.8
62 96.2 73.9
63 40.4 8.0
64 9.5 75.6
65 61.6 80.4
66 86.0 73.1
67 2.6 50.9
68 29.0 73.0
69 93.0 89.9
70 68.5 13.2
71 75.0 9.7
72 0.2 56.0
73 46.7 60.5
74 39.0 69.2
75 65.2 60.5
76 47.7 40.3
77 41.8 78.8
78 24.5 67.6
79 61.9 11.8
80 29.6 6.1
81 33.9 20.9
82 85.9 20.4
83 89.8 95.9
84 51.6 39.5
85 13.9 43.2
86 73.3 6.3
87 82.2 41.9
88 3.5 33.0
89 95.1 63.4
90 51.9 53.2
91 24.6 85.8
92 22.1 34.4
93 59.5 93.0
94 11.6 12.9
95 33.4 95.7
96 69.0 83.8
97 22.4 76.8
98 16.3 74.3
99 70.5 0.8
3 91
10 91
7 45
29 44
25 67
49 68
27 65
2 8
30 95
38 65
58 66
5 66
33 58
34 60
41 60
26 57
0 62
29 73
30 82
70 75
9 18
54 73
52 75
44 86
24 27
13 75
30 63
73 89
15 93
74 97
75 96
13 33
32 39
14 23
62 82
75 87
76 86
1 29
34 98
65 90
64 91
58 86
21 84
27 85
10 88
37 44
34 47
11 45
1 48
3 4
31 91
52 92
9 66
94 98
2 57
24 56
45 63
31 88
26 73
50 74
63 68
57 74
45 72
66 86
55 79
48 76
18 74
0 78
3 33
36 94
28 81
8 35
6 82
68 84
39 81
46 81
6 92
59 82
42 85
0 97
21 39
0 88
36 42
6 40
30 89
55 98
6 31
1 45
26 51
31 97
54 90
61 90
4 52
51 93
42 95
10 95
38 50
37 51
40 74
58 70
18 52
68 71
1 13
65 74
34 73
41 73
32 75
52 79
26 61
8 52
4 39
54 64
13 18
18 20
67 69
61 77
72 94
43 81
54 55
89 91
69 90
26 80
13 86
7 36
6 37
5 38
20 37
77 98
22 26
11 30
10 31
51 99
28 46
19 67
20 98
59 89
26 99
49 92
11 91
48 70
25 91
48 51
29 45
46 56
11 49
1 52
16 61
32 72
1 10
0 11
53 85
58 67
57 88
4 68
11 78
4 17
32 63
24 60
23 73
18 97
61 74
90 96
68 78
45 76
45 86
15 74
6 76
74 86
3 79
34 90
25 78
69 96
6 34
5 55
11 36
68 97
4 46
24 89
35 98
82 88
31 40
52 86
42 89
54 81
28 85
16 90
23 41
42 47
41 58
20 44
37 64
93 94
36 56
21 95
56 66
47 52
50 65
48 67
25 65
4 56
3 57
5 13
10 15
66 77
52 73
54 62
53 63
60 63
1 97
7 21
10 34
25 33
10 44
45 83
23 80
34 87
13 83
40 88
3 86
25 85
22 39
27 41
18 43
90 91
37 94
52 93
14 92
28 92
47 49
7 60
45 51
0 66
26 52
53 79
22 59
51 62
5 10
3 12
6 38
1 14
54 68
37 71
72 75
59 70
10 29
92 98
37 81
14 60
9 74
14 98
32 34
34 42
17 22
30 77
4 82
22 27
65 85
64 86
79 88
14 79
66 71
56 83
28 98
85 89
31 34
71 89
5 39
20 38
80 94
6 29
1 43
70 90
53 98
57 79
6 99
13 99
20 99
22 88
13 90
28 89
11 92
39 47
45 48
31 44
38 58
5 49
28 47
26 49
14 54
16 52
22 33
55 64
0 12
65 72
39 57
50 69
41 71
32 73
5 59
61 75
6 55
34 39
48 49
65 82
68 79
85 86
5 36
60 76
58 78
33 82
32 83
27 77
10 80
65 92
15 33
34 59
33 40
12 36
68 89
68 98
3 29
44 97
67 90
8 31
37 88
41 91
25 66
25 98
16 91
52 64
35 48
6 45
29 43
40 50
31 51
52 55
9 68
38 55
31 93
1 60
37 65
36 66
58 65
13 64
29 72
43 57
2 68
21 54
8 69
27 55
42 96
58 75
10 16
21 73
3 16
7 73
72 79
43 76
34 78
5 75
0 29
12 33
24 77
32 38
3 35
2 36
67 96
0 90
64 99
55 97
53 83
44 85
35 87
32 90
23 39
2 88
9 88
24 87
94 97
7 41
12 43
3 45
5 31
53 93
58 95
82 93
3 64
50 54
41 56
85 99
62 68
8 44
47 98
20 81
30 78
67 74
0 16
37 72
49 74
39 61
41 75
7 61
8 34
17 74
19 40
6 81
3 32
10 32
1 34
24 32
1 25
54 79
11 41
50 83
0 96
18 83
38 39
44 50
14 38
29 37
20 39
7 29
6 30
25 41
70 91
1 2
9 53
14 99
21 99
59 91
67 71
9 95
3 94
15 47
45 49
32 64
35 52
33 54
20 49
1 54
2 72
39 67
44 69
35 71
6 68
41 72
12 69
15 57
34 63
11 61
44 79
91 97
2 21
39 77
37 79
4 29
7 77
14 77
21 77
11 90
8 83
75 90
15 34
78 96
7 26
2 40
5 28
20 27
17 30
38 88
58 89
19 98
26 98
21 87
