300,300
19
line 0,0.5 .43,0.36 0.005 60,255
line 0,.5 .43,0.36 0.005 180,255
line 0,.5 .43,0.36 0.005 300,255
line 0.33,.5  0.516,.223  .005 60,255
line 0.516,.223 0.69,.5 .005 60,255
line 0.69,.5 .33,.5 .005 60,255
line 0.33,.5  0.516,.223  .005 180,255
line 0.516,.223 0.69,.5 .005 180,255
line 0.69,.5 .33,.5 .005 180,255
line 0.33,.5  0.516,.223  .005 300,255
line 0.516,.223 0.69,.5 .005 300,255
line 0.69,.5 .33,.5 .005 300,255
line 0.58666667,0.33666667  1.,0.40333333 .01 00,128
line 0.59,0.35        1.,0.41666667 .01 60,128
line 0.59333333,0.36        1.,0.44 .01      120,128
line 0.60333333,0.37333333  1.,0.46 .01      180,128
line 0.60666667,0.38        1.,0.47333333 .01 240,128
line 0.61333333,0.39        1.,0.48666667 .01 300,128
circle  0.5,0.5 0.03 60,128
