75 70
4 3 4 5 4 2
5 2 2 5 8 2 2
7 2 2 23 5
1 6 6 22 4
6 5 2 2 20 3
6 3 2 4 1 19 1 3
5 6 3 2 1 17 2 1 1 3
8 2 2 3 1 16 4 2 2 3
13 2 6 1 15 2 2 2 1 3
1 15 1 2 1 13 2 2 1 5
13 4 2 3 2 13 3 2 1 4
14 4 1 6 13 2 2 1 4
4 9 4 2 3 11 2 2 2 3
16 4 3 1 11 2 1 1 2
1 11 5 2 2 11 2 2 4
15 4 1 2 12 1 1 4
15 3 2 2 8 2 3
10 4 1 1 2 6 1 2 3
11 3 1 1 2 5 2 1 2 3
13 2 2 1 3 3 2 2 3 2 3
1 13 1 3 3 1 2 6 3 3 3
10 5 2 4 3 8 10 4
11 2 2 6 2 1 7 3 5 6
12 4 2 3 2 2 5 2 2 6
11 5 4 3 1 5 1 2 5 1
7 5 10 3 2 2 3 2 9 2
8 2 3 9 4 3 2 2 7 4
9 4 8 2 2 1 2 2 1 5 6
11 5 7 1 3 5 1 2 2 9
12 12 1 10 2 2 7
8 4 10 1 2 2 4 1 2 2 4
10 6 2 4 3 3 5 2 3 7 1 2
11 8 2 3 9 2 8 1 3
4 10 5 2 3 3 1 5 1 6
6 16 5 5 5 2 2 1 5
9 12 3 3 4 5 2 3 5
11 7 7 3 6 3 4 2
10 10 3 3 9 1 3 2 2
8 11 9 9 1 3 6
6 12 10 7 1 1 2 7
10 8 3 4 2 3 8 2 1 2 1 6
8 5 5 2 3 7 2 1 3 1 6
7 13 5 7 1 1 2 2 4
13 5 7 5 3 4 2 1 1 1 7
12 5 9 4 2 2 3 3 1 1 1 4 8
10 10 4 3 1 1 6 2 4 2 4 1
8 11 4 3 5 1 6 2 1 4 2 3
7 1 5 11 3 1 1 2 5 1 3 1 7
15 12 4 1 6 1 2 4 7
14 4 8 4 1 2 8 9 4 2
11 3 9 8 9 3 8
9 4 5 12 3 6 3 5
4 3 1 3 5 8 1 2 1 1 4 3 3
3 11 2 5 8 2 1 1 2 4 6 2
13 3 2 9 1 1 1 3 6 3 5
14 1 1 10 2 1 3 12 2
14 1 11 2 1 1 1 7 4 2
11 5 10 1 1 3 7 6
8 9 2 11 2 1 2 8 7
18 5 15 1 1 5 8
15 7 12 1 1 5 6
22 8 1 5 6
23 3 4 8 6
9 10 4 1 7 5
6 10 6 2 1 2 8
22 4 2 4 3 1 5
12 11 8 3 9
13 7 7 16
15 8 13
32
2 2 5 5
25 4
1 30
2 35 3
42
24 18
5 13 5 19
7 12 4 20
1 13 4 2 3 2 4 16
15 3 1 2 2 3 16
15 3 1 1 1 2 16
11 4 2 1 4 12
11 3 1 4 9 4
12 2 1 2 15
1 7 5 1 1 1 4 10
1 7 5 1 1 1 1 4 12
10 3 1 2 2 2 13 2
10 1 2 2 3 4 10
10 1 1 2 2 3 1 3 11
4 6 1 2 3 3 3 2 1 1 12
5 5 2 3 2 3 3 2 2 10 2
13 2 3 3 6 3 3 6 2 3 1
13 1 6 2 6 2 2 2 5 6 3
9 3 3 2 3 2 3 5 3 2 7 5
9 3 3 12 5 2 3 6 7
10 1 16 4 3 4 2 5 8
10 2 10 4 6 4 3 4 9
2 8 3 9 4 14 3 3 3
3 7 14 3 3 9 3 3 1
11 14 3 2 6 3 2 10
5 6 10 6 5 14 2 5 5
6 3 10 4 17 4 2 1 1 1
6 9 21 3 2 1 2 3
7 4 7 4 8 2 1 2 3
1 6 8 11 2 2 6 3 1 3
2 5 12 7 5 13 3 1 1 1
4 3 14 2 2 17 2 4 2 2
5 16 5 5 3 1 6 4
5 17 5 2 5 2 10 6
6 11 3 6 6 3 19
3 3 13 1 1 8 2 2 19
4 7 3 3 4 8 2 17
5 7 3 1 1 5 2 1 3 2 16
1 3 6 1 1 1 2 1 6 2 2 3 2 15
4 4 5 2 6 4 3 2 15
5 3 1 1 2 1 8 6 3 14
6 3 1 2 2 2 10 6 5 13
6 5 1 1 3 11 4 6 12
5 6 1 1 8 7 1 3 4 11
3 2 1 1 2 6 6 3 4 10
5 2 2 1 8 1 10 2 2 10
5 1 1 18 1 4 3 2 9
5 2 2 3 9 2 2 7
2 3 2 1 2 2 2 2 2 2 8
3 2 1 1 1 2 2 2 1 2 1 1 2 7
4 2 2 1 2 2 2 5 2 1 2 6
3 3 2 3 17 3 2 3 5
3 16 5 4 2 3 5
4 12 1 6 3 2 3 3 4
4 12 1 1 3 2 10 2 3
4 8 2 1 2 3 2 5 3 2
5 6 1 1 2 4 4 1 1 3 1
1 4 4 2 1 1 3 5 2 3
5 3 2 3 2 4 3 2
7 2 1 2 1 3 3 3 2
1 10 2 1 1 1 3 3 4 2 1
8 3 2 1 1 2 9 2 1
7 5 2 6 1 3 6 3 2 2
5 13 1 3 3 3 4 3 3
3 2 13 1 4 4 5 3 2
7 5 8 4 5 25
1 3 2 2 7 4 5 25
5 3 2 4 4 4 5 11
8 2 5 5 5 3
10 5 5 6 1
